1364.31
680.71
454.29
340.65
272.65
228.69
195.29
171.94
153.47
148.22
127.3
118.5
110.92
103.43
97.7
93.19
88.86
84.5
80.6
78.72
75.12
72.19
70.05
68.04
66.42
63.83
62.28
61.38
60.77
60.06
59.79
59.21
58.91
58.18
57.26
60.4
61.29
61.32
61.39
62.6
62.47
61.66
63.06
62.44
62.01
63.41
63.92
64.27
65.28
63.11
61.74
62.22
60.78
63.92
67.28
66.43
65.96
66.36
66.16
66.88
68.15
68.93
65.3
68.29
73.84
63.39
67.42
70.92
72.83
70.38
74.68
70.69
72.39
72.92
73.36
74.1
56.0
56.39
53.84
38.63
71.82
75.53
74.93
67.6
66.58
51.78
47.79
67.44
44.91
45.16
45.72
44.98
45.18
45.94
46.0
51.17
43.34
40.42
74.43
70.2
68.18
70.67
70.51
59.58
76.07
39.6
39.86
39.6
38.11
38.25
38.43
38.32
38.26
38.52
38.62
40.77
39.23
39.45
40.03
39.87
40.1
54.83
91.96
93.26
92.64
85.97
86.32
86.78
87.47
89.54
90.24
83.61
90.03
91.01
88.8
66.79
48.07
53.92
93.45
93.77
92.64
88.3
72.04
44.89
44.85
44.9
70.85
83.46
75.85
87.87
93.09
70.64
46.87
94.97
72.67
76.63
48.96
103.66
90.84
92.1
97.65
98.14
98.75
96.75
65.75
99.82
108.18
70.98
68.51
68.53
53.48
93.07
87.28
104.76
91.7
106.11
109.3
87.65
88.36
88.48
77.29
73.04
73.28
73.63
74.13
74.41
74.85
75.11
75.32
75.55
75.82
76.17
65.64
60.0
60.07
60.29
60.36
60.58
60.51
60.89
60.73
60.88
60.75
60.96
61.02
66.71
93.73
61.78
62.18
62.33
62.57
63.04
63.07
63.62
63.85
64.33
64.63
68.32
88.02
86.04
89.06
73.2
67.01
66.23
66.47
67.02
66.83
67.2
67.63
67.73
68.0
68.22
68.71
68.76
69.03
69.53
94.46
69.93
70.35
70.6
91.81
114.32
111.73
114.23
106.28
106.29
106.86
100.96
101.91
81.79
81.63
81.79
81.87
82.04
103.95
89.8
74.23
117.15
101.33
99.92
88.13
84.79
84.92
85.69
85.8
86.03
86.29
86.52
88.43
94.17
78.68
79.03
79.17
79.56
79.53
79.96
80.26
80.27
80.57
80.82
81.29
81.12
81.53
81.62
82.06
82.22
82.57
82.93
82.95
83.25
83.79
84.12
84.51
84.66
85.04
85.8
103.33
113.55
113.61
86.72
86.56
86.82
86.92
87.45
90.18
96.45
87.93
88.17
88.61
88.82
88.92
89.46
89.58
89.95
115.19
119.82
125.71
120.47
120.74
121.17
121.66
122.03
122.56
122.63
122.92
123.35
123.73
123.94
124.34
153.51
130.34
114.26
130.23
115.58
95.16
95.18
95.58
95.5
95.59
95.94
96.06
96.29
96.57
97.22
97.37
97.53
125.52
98.43
98.58
110.25
142.92
132.13
109.72
136.89
112.0
102.13
100.93
101.09
101.62
101.74
101.74
102.29
102.29
127.23
112.8
103.26
106.92
172.61
138.24
117.5
116.75
117.29
164.13
175.7
150.77
140.53
140.96
145.2
160.1
142.17
142.61
124.82
110.85
108.36
108.43
112.33
143.98
121.92
122.09
122.61
122.81
113.17
110.4
110.74
110.98
111.46
111.54
111.89
113.05
112.4
112.65
113.08
112.93
113.69
113.74
114.42
114.65
114.85
115.15
115.4
115.76
115.92
116.19
116.43
116.94
116.76
117.31
117.56
117.97
118.56
118.33
118.7
118.76
119.06
121.5
120.69
122.81
120.29
120.51
120.95
120.72
121.31
183.13
122.9
122.06
122.41
122.66
122.69
123.33
123.53
123.9
123.98
129.68
156.94
139.41
172.76
184.43
126.96
126.56
126.04
126.51
126.96
127.19
127.37
127.61
127.71
128.23
170.01
188.54
171.35
171.92
171.92
139.44
142.5
173.01
173.73
169.08
146.81
146.74
146.77
147.51
147.65
147.87
136.49
133.02
134.06
133.31
133.65
133.82
135.19
135.73
134.79
135.08
135.29
135.68
136.04
136.1
136.44
136.75
136.8
137.04
137.54
137.74
138.04
138.27
138.49
177.16
174.37
139.22
139.41
139.62
139.78
139.98
140.02
140.32
140.52
140.61
140.8
141.2
141.39
141.51
141.4
142.12
142.27
143.01
202.79
180.04
143.95
193.23
192.69
198.23
157.47
163.45
193.54
169.26
163.16
152.51
146.31
148.03
146.9
147.17
147.42
147.75
148.13
148.21
148.47
148.94
168.75
172.19
149.63
149.61
149.97
150.39
150.6
151.07
151.11
151.59
151.92
152.02
152.44
152.55
152.72
153.42
179.04
153.66
154.7
154.59
155.06
155.29
155.45
156.01
155.97
156.44
156.95
156.93
188.62
215.52
176.62
167.83
183.15
158.62
158.79
159.18
159.52
159.6
160.07
159.91
160.26
160.95
160.92
161.16
161.53
161.81
161.87
162.06
162.42
163.05
162.98
163.3
163.78
163.89
164.41
164.6
181.04
195.83
184.64
184.9
185.15
173.6
166.53
187.21
187.26
167.44
167.27
167.81
167.98
168.06
168.1
168.86
169.52
169.7
170.01
170.45
170.77
171.03
171.66
171.32
244.92
206.62
204.79
212.69
206.74
184.27
179.66
200.63
174.14
173.93
174.42
174.59
175.14
174.92
175.49
175.64
175.92
176.76
176.86
177.07
177.43
177.7
177.72
178.24
178.12
178.89
178.86
178.95
179.65
179.59
180.03
209.87
202.13
202.37
196.7
181.53
200.9
199.72
182.07
182.32
182.95
183.04
183.39
183.83
217.99
184.0
184.61
184.54
185.17
185.2
185.66
185.83
186.27
186.71
186.8
187.14
187.03
187.48
187.75
188.02
188.34
188.85
188.87
189.22
189.35
189.75
189.8
189.95
190.34
190.64
191.29
191.28
213.84
191.83
192.18
200.76
194.51
194.23
194.48
194.69
194.93
195.47
195.72
196.15
196.21
196.47
196.76
197.6
261.59
224.11
197.92
198.18
198.57
198.71
199.07
198.86
199.25
199.57
199.89
204.3
202.21
199.23
199.78
199.89
200.29
200.61
200.96
202.71
200.94
201.28
201.75
202.02
202.23
202.62
203.09
203.21
203.51
203.66
203.83
204.04
222.61
225.88
205.39
205.37
205.75
205.87
206.3
206.6
213.85
231.33
227.81
207.89
208.02
208.14
208.29
208.89
252.49
208.85
209.53
209.44
209.91
210.66
210.37
210.49
210.62
211.56
237.79
227.97
214.09
212.01
212.72
213.12
213.27
213.54
262.62
299.72
269.35
214.2
215.06
275.49
248.72
215.48
215.99
216.11
216.39
216.77
217.01
216.99
217.44
217.98
217.91
234.09
286.66
241.55
221.2
226.92
219.51
256.81
220.42
220.48
220.86
221.22
221.63
221.93
258.65
222.23
231.73
252.13
234.92
222.88
223.5
279.3
224.32
224.44
268.01
251.42
236.17
225.58
225.33
225.97
226.2
226.31
226.73
226.72
227.08
227.87
255.89
236.12
228.22
228.73
229.33
237.37
231.36
231.47
231.59
231.56
232.47
232.32
232.48
232.72
233.26
233.26
233.63
234.3
234.31
234.74
234.8
234.92
235.66
235.05
236.09
236.41
243.5
235.34
235.36
235.97
236.1
350.04
295.27
236.64
237.12
260.51
263.33
253.25
314.47
240.17
247.8
269.29
247.23
241.43
241.66
266.65
241.98
242.2
242.49
242.72
242.99
282.26
243.66
243.99
244.4
254.2
243.4
243.34
243.49
243.94
244.18
244.71
244.65
244.94
245.47
245.48
245.68
246.09
292.17
333.54
246.7
246.57
247.46
247.01
248.25
248.06
298.9
248.82
249.06
249.32
249.36
249.53
250.27
250.43
250.85
250.99
250.97
251.42
251.78
251.8
252.08
252.64
252.85
253.47
263.97
253.49
254.15
253.98
254.49
254.71
255.34
255.13
255.48
255.8
255.78
269.84
256.26
256.71
257.18
256.98
257.76
257.93
257.64
258.6
258.55
258.98
259.44
321.06
315.18
335.52
331.21
288.12
327.54
316.14
282.51
399.99
270.86
262.06
262.9
262.82
292.72
263.36
264.1
263.7
263.94
264.51
271.78
322.2
268.78
276.08
355.8
278.14
266.69
266.59
266.88
267.33
267.95
267.31
267.86
268.44
268.53
268.9
292.16
269.3
277.79
269.89
285.87
286.44
270.75
270.96
271.15
271.64
272.0
271.99
272.39
273.06
297.91
273.3
272.88
273.51
273.74
274.05
274.01
274.18
274.76
346.01
303.03
275.03
275.79
275.81
275.98
315.24
281.91
298.25
297.7
297.65
284.99
277.12
277.64
277.44
278.3
278.05
278.16
278.95
278.95
279.56
279.36
280.02
280.2
280.83
280.88
281.28
281.37
281.62
281.87
282.33
282.36
283.34
306.28
304.46
304.95
305.29
305.73
290.94
284.65
284.72
295.2
287.33
288.04
287.91
288.49
298.37
344.14
289.29
365.87
311.49
289.62
304.58
290.68
291.06
291.13
291.48
298.07
289.49
290.28
290.16
290.7
290.8
291.51
378.69
292.14
294.42
301.0
298.52
295.14
294.83
295.24
295.72
295.8
296.18
296.55
296.3
309.86
301.12
311.02
320.73
303.9
303.49
304.78
305.95
309.46
315.9
313.58
306.82
306.7
308.45
309.14
311.49
312.86
316.21
309.85
309.66
313.87
311.63
312.23
311.78
309.61
309.56
314.41
318.39
310.8
310.93
311.23
312.8
321.16
312.15
316.83
312.95
313.23
313.45
315.69
315.32
316.67
314.82
315.2
318.39
316.9
319.07
325.41
319.63
316.68
321.68
320.85
317.49
322.31
324.37
321.66
324.74
323.26
322.19
321.72
320.75
321.92
327.09
324.77
322.79
323.7
327.76
322.06
323.18
323.99
321.56
322.06
377.5
322.62
322.62
323.18
323.51
325.48
323.95
324.95
324.89
325.26
325.09
325.9
328.76
329.34
331.79
334.65
332.29
332.1
327.69
328.37
329.08
333.57
332.78
331.96
337.71
331.09
330.54
337.45
332.35
341.43
332.66
331.56
331.89
332.07
332.17
332.4
337.72
337.33
335.01
334.43
335.2
334.44
337.06
327.42
327.41
327.85
327.95
328.68
338.42
339.24
339.31
336.92
382.38
338.3
338.2
338.49
338.54
338.83
338.96
339.48
340.38
341.99
346.06
345.94
348.23
341.54
342.35
342.76
347.28
346.07
351.22
348.81
395.06
351.97
353.48
357.83
348.56
353.71
363.14
338.07
338.35
339.01
339.56
339.42