185.24
95.1
59.31
52.82
33.87
29.61
24.21
23.55
19.11
19.78
18.37
16.65
14.91
14.94
14.72
17.42
18.33
16.51
20.34
19.5
17.75
17.32
16.13
14.85
14.74
14.26
15.73
15.73
15.65
17.77
17.32
19.15
19.38
14.74
18.09
17.43
17.03
19.31
15.71
14.8
15.02
17.61
15.74
22.39
18.47
19.84
15.91
15.64
19.15
18.68
17.27
18.51
15.68
17.97
16.97
19.39
19.3
17.14
18.6
17.6
19.83
16.33
16.22
21.8
21.3
19.95
20.54
21.19
20.12
17.37
20.41
22.77
23.23
20.51
21.39
21.35
18.82
20.95
22.26
28.67
28.45
27.28
29.6
21.5
24.44
29.28
28.21
28.26
31.16
30.23
27.23
25.76
23.74
20.7
25.34
23.06
31.82
24.79
21.2
26.14
34.92
25.13
23.56
20.34
28.46
25.14
27.16
22.39
20.02
19.89
25.49
22.23
20.01
19.34
20.49
20.71
19.32
19.32
19.38
19.58
19.37
19.49
19.57
19.57
19.75
19.71
19.85
19.86
19.83
19.98
19.92
20.29
19.98
20.21
20.35
20.29
20.27
20.51
20.19
20.69
20.51
20.62
20.75
20.85
20.68
20.96
20.93
21.08
21.01
21.13
21.16
21.01
21.31
21.3
21.21
21.4
21.42
21.61
21.47
21.5
21.71
21.72
21.96
22.0
21.92
21.84
21.99
22.19
21.97
22.39
22.23
22.16
22.34
22.42
22.52
22.5
22.55
22.75
22.57
22.69
22.84
22.83
23.01
22.83
23.16
23.14
22.87
23.01
23.29
23.28
23.38
23.4
23.75
23.4
23.52
23.6
23.61
23.76
23.57
23.89
23.89
23.94
24.11
24.08
24.09
24.19
24.08
24.3
24.42
24.57
24.46
24.54
24.56
24.52
24.68
24.46
24.65
27.57
26.62
25.8
27.59
24.94
24.8
25.03
25.06
25.22
25.02
25.16
25.36
25.13
25.27
25.4
25.44
25.47
25.4
25.58
25.62
25.63
25.93
25.69
25.9
26.04
26.11
25.87
26.18
26.15
26.05
26.21
26.26
26.37
26.35
26.4
26.53
26.42
26.66
26.56
26.79
26.65
32.01
26.92
26.87
27.26
27.06
27.11
27.27
27.14
27.17
27.09
38.05
27.54
27.51
28.45
27.72
27.54
27.65
27.58
27.95
27.88
27.88
27.78
28.0
28.02
28.16
28.06
28.13
28.28
28.12
28.23
28.55
28.43
28.48
28.59
28.67
28.81
28.71
28.93
28.85
29.0
29.08
29.03
29.02
29.11
29.05
29.17
30.41
31.42
29.4
29.46
29.32
29.5
29.64
29.6
29.91
29.64
29.74
29.88
29.84
30.03
30.25
30.14
30.07
30.38
30.34
30.14
30.22
30.38
30.43
30.47
30.47
30.56
30.56
30.94
30.65
31.0
31.11
30.9
30.92
31.13
31.01
31.14
31.16
31.23
31.21
31.38
31.24
31.43
31.42
31.62
31.73
31.8
31.77
31.89
31.54
32.03
31.87
31.91
32.3
32.14
32.05
32.2
32.28
32.33
32.49
32.36
32.55
32.42
32.76
33.07
32.74
32.87
32.8
33.15
32.93
32.86
32.88
33.24
33.17
33.01
33.05
33.28
33.26
33.16
33.69
33.62
33.47
33.58
33.68
33.93
33.63
33.76
34.02
33.83
34.14
34.2
34.0
34.19
34.21
34.41
34.39
34.46
34.54
34.43
34.39
34.67
34.8
34.8
34.92
34.73
34.78
34.96
34.87
35.06
35.25
35.03
35.03
35.28
35.38
35.33
35.35
35.46
35.57
35.69
35.47
35.69
35.66
35.67
35.79
35.84
35.8
35.8
36.24
36.27
36.07
36.26
36.27
36.61
36.55
36.75
36.58
36.49
36.65
36.52
37.58
36.81
36.85
36.99
37.31
36.99
37.02
37.1
37.32
37.03
37.49
37.43
37.35
37.44
37.52
37.52
37.48
37.6
42.51
37.78
37.78
37.74
38.07
38.12
38.22
38.32
38.07
38.16
38.32
38.14
38.12
38.5
38.48
38.49
38.79
38.57
38.76
38.79
38.68
38.77
38.95
38.94
39.09
39.11
39.11
39.24
39.2
39.36
39.25
39.26
39.34
39.44
39.62
39.53
39.77
39.71
39.7
39.75
39.92
39.96
40.05
40.25
39.99
40.29
39.94
40.23
40.44
40.35
40.5
40.48
40.59
40.68
40.57
40.41
40.63
40.82
40.85
40.89
40.8
41.17
41.11
41.25
41.29
41.14
41.43
41.26
41.29
41.63
41.44
41.52
41.56
41.69
41.59
41.88
41.81
42.09
41.95
41.95
42.24
41.93
42.07
42.25
42.11
42.42
42.24
42.31
42.56
42.38
42.66
42.63
42.67
42.75
42.86
42.71
42.79
42.69
43.02
42.89
43.08
43.29
43.34
43.59
43.28
43.51
43.32
43.46
43.58
43.49
48.0
51.64
44.05
43.98
43.96
44.12
43.8
44.07
44.11
44.04
44.87
44.2
44.24
44.28
44.33
44.43
44.45
44.68
44.45
44.65
44.8
44.73
44.76
44.89
44.9
44.99
45.16
45.09
45.25
45.25
45.19
45.41
45.33
45.36
45.38
45.56
45.57
45.58
45.67
45.88
45.9
46.01
46.24
46.14
46.23
46.31
46.22
46.34
46.42
46.51
46.42
46.66
46.79
46.49
46.91
46.94
47.02
46.87
47.11
46.95
47.0
47.08
47.15
47.33
47.21
47.25
47.34
47.42
47.51
47.59
47.72
47.36
47.64
47.77
48.05
47.95
47.9
47.74
48.05
48.02
48.26
48.23
48.38
48.28
48.15
48.33
48.54
48.38
48.83
48.82
48.69
48.87
48.57
48.74
49.12
54.13
48.91
51.06
49.15
49.0
49.3
49.25
49.17
49.43
49.47
49.79
49.56
49.62
49.76
49.65
49.67
49.74
49.78
50.11
49.97
49.91
50.09
50.15
50.24
50.16
50.34
50.29
50.42
50.5
50.44
50.7
50.72
50.66
50.86
51.42
50.61
50.88
50.95
51.2
53.19
51.1
51.11
51.19
51.43
51.5
51.29
51.41
51.6
51.3
51.58
51.69
51.84
51.53
52.05
51.67
52.19
52.03
51.97
51.95
52.16
52.25
52.2
52.31
52.33
52.69
52.27
52.42
52.52
52.42
52.94
52.82
52.94
52.7
52.86
53.05
52.95
53.09
53.02
53.14
53.31
53.32
53.39
53.36
53.5
53.28
53.79
53.74
53.64
53.61
53.74
53.84
54.01
53.94
53.89
54.07
54.03
54.47
54.14
54.2
54.21
54.28
54.25
54.22
54.46
54.68
54.74
54.79
54.63
54.74
54.73
54.97
54.9
54.88
55.02
55.09
55.23
55.22
55.6
55.43
55.47
55.45
55.58
55.57
55.71
55.71
55.61
55.76
55.95
55.75
56.07
55.94
56.07
56.18
56.11
56.0
56.27
56.27
56.69
56.43
56.49
57.12
56.68
56.69
56.62
56.79
57.04
56.89
57.03
57.0
56.99
57.09
57.18
57.22
57.3
57.3
57.27
57.58
57.35
57.64
57.5
57.54
57.63
57.78
57.68
61.38
57.86
57.88
58.24
57.99
58.04
58.24
58.19
58.24
58.26
58.43
58.49
58.36
58.56
59.62
77.27
71.93
58.79
58.6
58.89
59.37
59.13
59.09
59.08
59.05
59.13
59.22
59.4
59.32
59.55
59.86
59.56
59.89
59.58
59.6
59.65
59.75
59.7
59.99
59.99
59.83
60.14
59.98
65.19
60.35
60.23
60.26
60.26
60.26
60.63
60.64
60.75
60.75
60.59
60.73
61.23
60.85
60.83
61.08
61.14
61.3
61.15
61.29
61.12
61.26
61.14
61.54
61.45
61.75
61.74
61.44
61.65
62.67
62.05
62.03
62.15
61.89
62.25
61.98
62.2
62.23
62.21
62.34
62.4
62.57
62.44
62.55
62.38
62.79
62.67
62.72
62.92
62.85
62.98
62.83
63.03
63.1
63.3
63.06
63.02
63.24
63.24
63.3
63.58
63.67
63.71
63.77
63.43
63.62
63.89
63.71
63.91
63.85
63.81
64.12
64.12
64.35
64.09
64.2
70.51
66.93
64.23
64.76
64.62
77.4
64.57
64.63
64.8
64.55
64.75
64.88
65.14
65.11
64.95
65.35
64.98
65.88
65.41
65.42
65.36
65.52
65.43
65.57
65.67
65.55
66.06
65.66
65.82
66.09
66.0
66.24
65.92
66.14
66.13
66.14
66.51
66.21
66.62
66.6
66.57
66.66
66.53
67.42
66.66
67.21
67.07
67.23
66.87
66.95
67.01
66.89
