1294.03
637.17
419.33
317.66
248.8
209.49
178.79
151.6
134.54
119.86
118.86
103.32
104.49
91.17
89.7
82.31
85.99
77.24
75.74
58.94
70.49
64.22
63.01
66.74
46.2
57.98
43.53
64.16
55.73
49.27
45.82
44.68
46.1
50.18
56.93
65.73
32.05
44.71
60.0
28.96
47.81
69.28
40.56
65.84
38.26
67.29
41.0
73.98
49.1
24.23
62.02
37.97
79.73
57.57
34.34
81.24
60.34
38.61
90.44
70.38
50.82
30.21
88.73
69.75
51.72
31.78
96.62
78.86
62.0
44.46
26.24
98.38
82.1
65.93
50.09
32.97
113.9
97.95
82.86
67.89
53.32
37.4
22.7
112.68
98.65
85.05
71.11
58.48
43.66
29.17
130.46
117.68
104.83
91.64
79.3
67.17
55.94
41.9
29.0
17.5
131.34
120.01
108.44
96.77
85.66
74.15
63.97
53.24
40.32
28.64
18.74
148.26
138.23
128.01
117.51
107.34
96.87
87.09
77.08
68.01
59.7
48.58
36.16
27.07
18.71
167.96
158.94
150.14
141.12
132.05
123.11
114.1
105.14
96.35
87.53
78.83
70.84
62.58
54.13
44.59
35.13
26.86
200.59
193.36
184.75
177.21
169.28
161.33
153.88
146.31
138.44
130.87
122.99
115.06
107.44
99.83
91.9
84.71
77.27
71.07
62.97
55.35
47.56
39.36
32.34
25.32
230.74
224.25
217.34
211.78
204.66
198.09
191.89
185.39
178.97
172.77
166.15
159.28
152.83
146.77
140.07
133.33
127.17
120.67
114.58
107.93
101.42
95.35
88.97
82.91
77.06
70.92
65.16
59.18
52.1
45.15
38.74
33.04
27.35
21.93
272.14
267.59
262.31
256.64
251.86
246.45
241.13
236.57
231.23
226.36
220.68
215.14
210.5
205.22
200.04
194.91
189.81
184.99
179.74
174.64
169.24
163.86
159.04
153.59
148.63
143.25
138.6
133.04
128.19
122.88
117.91
113.13
107.97
102.57
98.03
92.6
87.74
82.94
78.09
73.54
68.98
64.08
58.68
52.71
47.42
42.4
37.79
33.27
28.6
24.3
341.74
338.04
334.42
330.51
326.19
322.29
318.45
315.03
311.1
306.84
303.5
299.6
295.65
291.13
288.29
284.07
280.05
276.26
272.47
268.67
265.0
261.17
256.78
253.22
249.47
245.91
241.47
237.92
233.74
230.2
226.29
222.01
217.87
213.82
211.16
206.99
202.78
199.76
195.69
191.91
187.3
183.96
179.36
176.25
172.46
168.5
164.36
160.53
156.95
152.72
149.03
145.13
141.36
137.58
133.74
129.92
125.9
122.48
118.25
114.79
110.97
107.25
103.3
99.96
96.12
91.67
88.41
84.95
81.19
77.65
74.31
70.88
66.9
62.81
58.8
54.43
50.27
46.48
42.64
39.65
36.02
32.63
29.09
457.35
455.31
451.89
449.51
447.61
444.42
441.62
439.05
436.04
434.28
432.26
429.2
426.09
423.81
421.09
418.99
416.41
413.63
410.96
408.64
406.05
402.73
401.15
398.58
395.47
393.04
390.3
388.62
386.0
382.78
380.85
377.73
375.15
373.21
370.51
367.29
365.05
362.83
360.13
357.92
355.16
351.35
349.24
347.07
344.96
343.03
339.71
337.32
334.45
332.27
329.22
326.4
324.34
321.75
319.66
316.97
314.52
311.9
308.84
306.21
303.63
301.92
298.76
296.82
293.95
290.75
288.93
286.51
283.2
280.9
278.64
275.54
272.73
270.97
268.37
265.62
262.99
260.39
257.33
254.87
252.53
249.99
247.22
244.82
242.45
240.11
236.61
234.72
230.55
224.34
227.12
224.46
222.48
219.15
216.64
214.02
211.49
209.69
206.7
204.68
201.43
199.01
196.85
193.97
191.66
188.96
186.54
183.79
181.45
178.56
176.34
173.78
171.22
168.65
166.17
163.66
161.13
158.51
155.66
153.48
150.81
148.45
145.95
143.57
141.09
138.58
135.6
133.36
130.58
128.16
125.77
123.39
120.66
118.24
115.46
112.96
110.65
108.27
105.52
102.79
100.48
98.16
95.43
92.62
90.54
88.73
86.66
86.97
83.83
80.86
79.62
80.94
77.51
76.6
70.37
63.95
60.13
57.29
55.99
52.59
49.88
47.67
45.03
42.44
40.61
38.42
35.98
683.77
683.42
681.1
680.16
679.58
677.83
675.42
675.14
674.45
673.2
671.71
670.22
668.85
667.42
666.12
665.18
663.46
662.25
661.64
660.52
658.82
657.96
656.69
655.17
654.48
652.65
652.03
649.87
648.46
647.91
646.41
644.52
643.08
642.34
641.38
640.84
638.72
637.48
636.86
635.45
634.01
633.01
631.7
630.99
628.52
627.59
626.82
625.27
624.41
622.5
622.52
620.9
619.88
618.1
616.95
615.7
614.42
613.27
611.03
610.6
608.46
606.84
606.23
605.9
603.95
603.06
601.78
601.18
598.79
598.87
597.34
596.17
594.6
593.03
592.24
591.2
589.32
587.29
587.17
585.46
584.08
583.36
581.74
579.96
579.22
577.36
577.39
575.44
574.28
572.95
571.86
570.61
569.68
568.22
567.54
565.14
564.63
562.71
561.77
560.82
559.65
557.66
557.08
556.43
554.6
554.22
552.13
550.63
549.31
548.89
547.54
546.27
541.96
543.59
542.15
541.27
539.04
537.34
537.0
535.96
534.61
534.13
531.9
530.82
529.55
528.63
527.03
525.39
524.49
523.62
521.63
508.93
512.25
518.37
517.39
515.89
514.26
513.65
511.8
511.18
510.22
508.82
507.33
506.05
505.61
504.06
502.33
500.99
499.75
497.86
497.17
496.0
495.05
492.95
491.84
490.77
489.73
488.62
487.41
486.18
484.12
483.57
481.04
480.28
479.07
478.27
476.56
475.61
474.24
472.74
471.61
470.73
468.58
469.09
467.61
465.87
464.3
463.18
461.76
461.35
459.09
458.22
457.21
455.47
454.64
453.29
452.17
450.47
449.21
447.97
446.69
445.36
444.39
442.92
442.29
440.59
438.76
437.75
437.22
435.66
434.57
433.49
431.7
430.39
429.58
427.69
426.28
425.1
423.92
422.43
421.77
421.12
418.97
417.92
417.07
415.63
414.92
412.75
411.28
409.95
409.0
408.12
406.28
405.5
404.28
403.08
401.66
400.05
398.97
397.99
396.64
395.5
394.0
393.06
391.46
390.09
388.82
388.45
387.13
386.36
384.87
383.99
382.19
380.56
379.73
378.23
377.21
376.37
374.38
373.5
371.75
371.24
369.34
367.98
366.91
365.67
364.98
363.43
361.95
361.45
359.78
358.27
357.25
356.19
354.37
353.13
351.12
350.13
348.11
347.81
345.93
345.4
344.47
342.98
341.76
340.86
339.73
338.4
337.09
336.5
334.34
333.25
332.29
330.95
329.51
328.6
326.7
326.08
324.33
323.56
322.09
321.37
319.75
319.27
318.04
316.78
314.48
313.81
312.17
311.15
309.77
308.49
307.41
306.3
304.97
304.51
302.45
301.61
300.1
299.02
297.2
296.68
294.53
294.35
292.13
290.81
289.7
288.47
287.87
286.27
284.82
283.55
282.43
281.75
280.03
279.5
277.93
276.24
275.13
274.05
273.22
271.26
269.64
268.67
267.19
266.37
265.47
263.85
263.17
261.18
259.69
259.17
257.67
256.5
254.66
253.66
252.4
251.11
249.9
248.73
247.24
246.25
245.25
243.81
242.92
242.09
239.94
239.0
238.02
236.39
235.08
233.88
232.8
231.33
230.42
229.01
228.43
226.59
225.48
224.59
222.42
221.62
219.78
218.16
216.83
216.07
215.23
214.0
212.91
211.61
211.05
209.97
208.39
206.98
205.85
205.09
203.02
202.06
200.88
199.38
198.18
196.73
195.56
194.2
193.0
191.98
191.13
189.73
187.67
186.65
185.57
183.79
183.06
181.67
180.95
179.54
177.92
177.07
175.43
174.36
173.21
171.8
170.74
169.36
167.49
166.47
165.35
164.92
163.25
161.6
160.56
159.32
158.2
156.74
155.62
153.9
153.14
151.44
156.39
149.28
148.42
146.83
145.73
144.69
143.1
141.96
141.03
139.71
138.55
137.25
136.09
134.86
133.74
133.12
131.43
130.98
130.51
132.81
134.75
132.78
135.28
131.06
135.98
134.22
131.04
129.92
127.23
139.61
128.45
128.62
123.21
124.55
129.68
125.05
118.59
125.15
123.37
119.59
109.78
119.5
130.64
102.25
118.04
102.72
109.31
97.18
96.42
91.18
90.29
87.97
86.33
85.32
84.83
83.55
81.18
80.11
79.26
78.76
76.8
74.87
74.19
72.92
72.04
71.31
70.13
69.78
66.95
65.15
63.74
62.39
