1217.41
608.8
403.66
302.85
239.56
200.92
172.1
151.47
133.76
120.26
109.44
101.23
94.39
87.57
81.33
76.44
71.62
67.21
63.21
60.21
56.4
53.11
50.79
48.17
46.74
44.48
43.41
41.23
40.39
40.47
39.6
37.74
36.79
35.03
33.87
33.18
33.8
33.2
31.99
31.93
31.53
30.26
30.9
29.7
30.1
29.11
29.78
28.1
28.74
28.15
28.08
28.35
26.97
27.37
27.94
26.47
27.11
27.31
26.05
26.37
26.85
27.06
24.7
24.65
25.27
26.92
25.36
26.2
26.39
26.58
26.68
25.69
25.97
26.39
26.59
26.76
25.82
26.08
26.3
26.6
26.89
26.98
27.29
26.47
27.72
27.72
28.79
29.44
26.29
19.0
22.43
29.4
20.06
19.8
20.21
20.05
20.16
20.26
30.35
31.34
31.24
31.83
31.76
32.27
32.43
32.59
33.06
32.82
33.16
33.01
32.57
32.07
32.18
32.45
32.98
33.02
33.24
33.44
33.33
33.7
33.58
33.62
33.84
34.04
33.51
33.02
32.05
31.12
33.8
29.6
31.94
34.68
34.17
35.0
35.18
35.66
35.53
35.84
36.21
28.49
26.64
26.6
26.28
25.81
25.92
25.92
26.13
26.32
26.37
27.23
37.95
37.85
29.9
27.31
27.39
27.46
27.38
24.7
14.15
14.09
14.49
31.81
40.12
31.22
18.58
28.39
26.12
25.91
25.94
26.08
26.26
26.57
26.66
26.83
27.39
27.6
27.72
27.85
27.91
27.95
34.89
38.81
38.48
38.72
36.25
38.59
35.26
39.33
39.54
22.23
20.17
20.18
20.15
20.2
20.24
20.36
20.16
20.24
20.28
20.19
19.89
19.64
19.55
19.57
19.64
19.74
19.9
20.01
20.07
26.1
31.94
33.83
30.92
30.97
32.85
31.01
31.28
31.31
31.45
31.69
31.55
27.61
17.82
17.87
17.92
17.89
17.96
18.0
17.97
18.06
18.03
18.05
18.13
18.2
18.35
18.29
18.35
18.48
27.05
33.77
34.11
34.13
39.07
38.8
33.93
33.63
35.46
34.55
34.81
34.36
31.36
22.8
22.62
22.64
22.73
22.81
23.04
23.07
31.82
35.27
36.71
26.1
24.72
27.44
28.47
30.97
21.1
21.19
21.35
21.39
21.34
21.34
21.37
21.55
21.42
21.49
21.43
21.47
21.39
21.47
21.61
21.6
21.74
21.68
21.78
21.78
21.84
21.91
22.08
22.08
22.3
22.27
22.36
22.53
22.47
22.51
22.59
22.63
22.67
22.77
22.75
22.82
22.9
22.99
23.0
23.06
23.58
21.86
21.88
21.9
22.0
22.18
22.16
22.15
22.21
22.36
22.32
22.36
22.5
22.7
22.69
22.64
22.72
22.76
22.84
22.82
23.74
22.95
22.92
22.98
22.99
23.1
23.1
22.8
22.74
22.6
22.46
22.45
22.44
22.45
23.97
22.62
22.71
22.72
22.88
22.99
29.85
37.12
36.56
36.25
30.22
31.06
35.0
30.45
30.51
30.55
27.89
26.42
26.34
26.4
26.47
26.49
26.64
26.7
26.65
26.7
26.96
26.85
27.01
27.0
27.03
27.17
27.29
27.25
27.37
27.45
27.5
27.61
27.76
25.07
25.21
25.21
25.24
25.34
25.37
30.32
33.04
28.18
28.33
28.25
28.33
28.29
28.49
28.3
25.9
25.92
26.04
26.02
26.05
26.15
26.15
26.24
26.3
26.32
26.39
26.59
26.57
26.58
26.59
27.66
26.89
26.82
26.85
26.92
26.97
27.03
27.02
27.12
27.13
27.18
27.22
27.27
27.33
27.4
27.49
27.57
27.54
27.63
27.75
27.75
27.8
27.88
28.1
27.96
27.99
28.05
28.18
28.18
28.3
28.28
28.41
28.55
28.49
28.55
28.61
28.7
28.71
28.9
28.81
28.87
28.99
28.96
29.06
29.22
29.2
29.18
29.19
29.38
29.42
29.35
29.47
29.52
29.53
29.58
29.66
29.69
29.78
29.82
29.88
29.92
29.99
30.07
30.06
30.14
30.35
30.26
38.86
39.34
39.32
39.44
39.54
39.61
39.67
39.76
39.87
39.94
35.95
30.84
30.84
30.94
31.17
31.0
31.1
31.06
31.15
31.21
31.16
39.56
40.53
40.48
40.55
37.3
34.36
34.24
31.58
30.8
31.35
30.89
30.97
30.91
31.05
31.21
31.28
31.36
31.48
31.56
31.55
31.68
31.72
31.89
31.88
31.94
32.06
32.16
32.12
32.18
32.21
32.33
32.25
32.31
32.4
32.53
32.54
32.48
32.64
32.62
32.68
32.8
32.83
32.88
32.91
33.09
33.05
33.69
33.1
33.34
33.23
33.3
33.32
33.37
33.46
33.52
33.62
33.65
33.74
33.75
33.76
33.79
33.9
33.99
34.12
34.13
34.17
34.26
34.29
34.3
34.38
34.43
34.39
34.46
34.57
34.64
34.7
34.73
34.8
34.9
34.85
34.96
34.98
35.04
35.18
35.1
35.2
35.28
35.51
35.26
35.4
35.48
35.5
35.56
35.78
35.71
35.72
35.84
35.89
35.91
35.96
36.12
36.1
36.22
36.22
36.21
36.24
36.3
36.33
36.39
36.45
36.51
36.66
36.63
36.65
36.84
36.84
36.9
36.9
36.92
37.05
37.04
37.09
37.13
37.2
37.38
37.34
37.46
37.41
37.54
37.61
37.65
37.6
37.76
39.04
38.01
37.8
37.92
37.93
38.09
38.15
38.07
38.17
38.29
38.37
38.39
38.52
38.46
38.49
38.73
38.62
38.68
38.81
38.84
38.82
38.96
38.98
39.03
39.11
39.11
39.19
39.66
40.01
39.33
39.42
39.5
39.53
39.6
39.64
39.66
39.68
39.73
39.95
39.81
39.93
40.04
39.99
40.12
40.17
40.11
40.49
40.28
40.38
40.45
40.39
40.57
40.56
40.6
40.75
40.86
40.81
40.9
40.92
40.86
41.13
41.03
41.12
41.21
41.2
41.25
41.36
41.37
41.37
41.48
41.48
41.61
41.73
41.75
41.73
41.89
42.58
41.86
41.94
42.1
42.04
42.09
42.18
42.29
42.42
42.28
42.49
42.48
42.52
42.76
42.59
42.71
42.75
42.77
42.87
42.91
42.96
43.43
43.04
43.07
43.23
43.28
43.22
43.48
43.32
43.39
43.61
43.65
43.65
43.59
43.7
43.84
43.74
43.87
44.01
43.93
43.98
44.17
44.08
44.23
44.19
44.25
44.36
44.37
44.43
44.51
44.59
44.62
44.79
44.71
44.97
44.76
44.86
44.99
44.97
45.02
45.03
45.62
45.14
45.18
45.3
45.37
45.39
45.57
45.51
45.59
45.68
45.69
45.75
45.82
45.85
46.01
46.02
46.0
46.23
46.1
46.12
46.38
46.22
46.35
46.37
46.45
46.45
46.6
46.58
46.7
46.68
46.73
46.84
46.9
46.93
47.0
47.6
47.22
47.04
47.13
47.27
47.26
47.35
47.4
47.39
47.54
47.69
47.84
47.71
47.74
47.74
47.85
47.76
47.91
48.05
48.14
48.06
48.11
48.15
48.36
48.45
48.48
48.41
48.51
48.62
48.58
48.65
48.68
48.77
48.8
48.81
49.03
48.9
49.02
49.13
49.07
49.1
49.32
49.3
49.37
49.36
49.46
49.69
49.63
49.58
49.65
49.63
49.74
49.78
49.81
49.92
50.02
49.98
50.13
50.14
50.18
50.17
50.23
50.53
50.43
50.4
50.56
50.44
50.59
50.63
50.79
50.66
50.94
50.81
50.96
51.03
50.97
51.23
51.19
51.27
51.35
51.38
51.39
51.33
51.58
51.47
51.55
51.64
51.64
51.66
51.73
51.8
51.99
52.03
52.05
52.14
52.13
52.22
52.34
52.24
52.41
52.34
52.42
52.54
52.64
52.7
53.5
52.9
52.85
52.83
52.78
53.05
53.11
53.0
53.06
53.12
53.43
53.2
53.4
53.28
53.4
53.52
53.52
53.59
53.59
53.68
53.78
53.9
53.91
53.99
53.97
53.97
54.06
54.1
54.2
54.27
54.23
54.4
54.4
54.43
54.51
54.43
54.61
54.57
54.66
54.78
54.78
54.81
54.83
54.91
54.93
55.14
55.01
55.2
55.11
55.17
55.35
55.34
55.33
55.37
55.69
55.55
55.73
55.61
55.72
55.78
55.81
55.83
55.89
55.94
56.1
56.14
56.17
56.23
56.18
56.32
56.51
56.33
56.34
56.49
56.4
56.53
56.52
56.61
56.57
56.56
56.68
56.71
56.72
56.73
56.86
56.87
56.98
56.92
57.05
57.09
57.03
56.99
56.9
